---
image_width: 640
image_height: 480
camera_name: ""
camera_matrix:
  rows: 3
  cols: 3
  data: [563.159, 0, 290.235, 0, 561.066, 222.239, 0, 0, 1]
distortion_model: plumb_bob
distortion_coefficients:
  rows: 1
  cols: 5
  data: [-0.0676315, 0.0699598, -0.00451704, -0.00454759, 0]
rectification_matrix:
  rows: 3
  cols: 3
  data: [1, 0, 0, 0, 1, 0, 0, 0, 1]
projection_matrix:
  rows: 3
  cols: 4
  data: [563.159, 0, 290.235, 0, 0, 561.066, 222.239, 0, 0, 0, 1, 0]