---
image_width: 320
image_height: 240
camera_name: ""
camera_matrix:
  rows: 3
  cols: 3
  data: [268.26, 0, 159.653, 0, 268.103, 124.516, 0, 0, 1]
distortion_model: plumb_bob
distortion_coefficients:
  rows: 1
  cols: 5
  data: [-0.100747, 0.115863, 0.00488428, -0.000293884, 0]
rectification_matrix:
  rows: 3
  cols: 3
  data: [1, 0, 0, 0, 1, 0, 0, 0, 1]
projection_matrix:
  rows: 3
  cols: 4
  data: [268.26, 0, 159.653, 0, 0, 268.103, 124.516, 0, 0, 0, 1, 0]