---
image_width: 320
image_height: 240
camera_name: ""
camera_matrix:
  rows: 3
  cols: 3
  data: [264.607, 0, 163.913, 0, 262.91, 122.493, 0, 0, 1]
distortion_model: plumb_bob
distortion_coefficients:
  rows: 1
  cols: 5
  data: [-0.120593, 0.114541, 0.00121036, 0.00348497, 0]
rectification_matrix:
  rows: 3
  cols: 3
  data: [1, 0, 0, 0, 1, 0, 0, 0, 1]
projection_matrix:
  rows: 3
  cols: 4
  data: [264.607, 0, 163.913, 0, 0, 262.91, 122.493, 0, 0, 0, 1, 0]