---
image_width: 640
image_height: 480
camera_name: ""
camera_matrix:
  rows: 3
  cols: 3
  data: [544.924, 0, 301.874, 0, 546.843, 211.336, 0, 0, 1]
distortion_model: plumb_bob
distortion_coefficients:
  rows: 1
  cols: 5
  data: [-0.0772354, 0.0832383, -0.00519821, -0.00376574, 0]
rectification_matrix:
  rows: 3
  cols: 3
  data: [0.999163, 0.00236104, 0.0408474, -0.00242545, 0.999996, 0.00152728, -0.0408436, -0.00162508, 0.999164]
projection_matrix:
  rows: 3
  cols: 4
  data: [572.199, 0, 278.199, 0, 0, 572.199, 215.401, 0, 0, 0, 1, 0]
