---
image_width: 640
image_height: 480
camera_name: ""
camera_matrix:
  rows: 3
  cols: 3
  data: [553.886, 0, 330.803, 0, 552.242, 241.337, 0, 0, 1]
distortion_model: plumb_bob
distortion_coefficients:
  rows: 1
  cols: 5
  data: [-0.0789352, 0.114944, 0.00458638, -0.00146375, 0]
rectification_matrix:
  rows: 3
  cols: 3
  data: [1, 0, 0, 0, 1, 0, 0, 0, 1]
projection_matrix:
  rows: 3
  cols: 4
  data: [553.886, 0, 330.803, 0, 0, 552.242, 241.337, 0, 0, 0, 1, 0]