---
image_width: 320
image_height: 240
camera_name: ""
camera_matrix:
  rows: 3
  cols: 3
  data: [275.932, 0, 165.046, 0, 274.207, 118.317, 0, 0, 1]
distortion_model: plumb_bob
distortion_coefficients:
  rows: 1
  cols: 5
  data: [-0.126392, 0.183442, 0.00905552, -0.00249025, 0]
rectification_matrix:
  rows: 3
  cols: 3
  data: [1, 0, 0, 0, 1, 0, 0, 0, 1]
projection_matrix:
  rows: 3
  cols: 4
  data: [275.932, 0, 165.046, 0, 0, 274.207, 118.317, 0, 0, 0, 1, 0]