---
image_width: 640
image_height: 480
camera_name: ""
camera_matrix:
  rows: 3
  cols: 3
  data: [504.075, 0, 370.576, 0, 504.834, 228.814, 0, 0, 1]
distortion_model: plumb_bob
distortion_coefficients:
  rows: 1
  cols: 5
  data: [-0.0768716, -0.000321331, -0.00302495, -0.00208075, 0]
rectification_matrix:
  rows: 3
  cols: 3
  data: [0.998721, -0.00194125, 0.0505223, 0.0023671, 0.999962, -0.00837042, -0.0505042, 0.0084793, 0.998688]
projection_matrix:
  rows: 3
  cols: 4
  data: [516.48, 0, 333.77, -40.8961, 0, 516.48, 225.578, 0, 0, 0, 1, 0]