---
image_width: 640
image_height: 480
camera_name: ""
camera_matrix:
  rows: 3
  cols: 3
  data: [551.845, 0, 308.225, 0, 553.883, 248.46, 0, 0, 1]
distortion_model: plumb_bob
distortion_coefficients:
  rows: 1
  cols: 5
  data: [-0.115445, 0.14666, 0.000928312, 0.00628792, 0]
rectification_matrix:
  rows: 3
  cols: 3
  data: [0.997764, -7.49012e-05, 0.066838, 0.000778817, 0.999945, -0.0105057, -0.0668335, 0.0105342, 0.997709]
projection_matrix:
  rows: 3
  cols: 4
  data: [577.329, 0, 270.225, -92.6588, 0, 577.329, 248.069, 0, 0, 0, 1, 0]