---
image_width: 640
image_height: 480
camera_name: ""
camera_matrix:
  rows: 3
  cols: 3
  data: [541.449, 0, 295.969, 0, 540.21, 235.683, 0, 0, 1]
distortion_model: plumb_bob
distortion_coefficients:
  rows: 1
  cols: 5
  data: [-0.096471, 0.103965, 0.00283074, 0.00213672, 0]
rectification_matrix:
  rows: 3
  cols: 3
  data: [0.999971, -0.000901797, -0.00757444, 0.000774283, 0.999858, -0.016821, 0.00758853, 0.0168146, 0.99983]
projection_matrix:
  rows: 3
  cols: 4
  data: [566.401, 0, 314.935, 0, 0, 566.401, 234.303, 0, 0, 0, 1, 0]