---
image_width: 640
image_height: 480
camera_name: ""
camera_matrix:
  rows: 3
  cols: 3
  data: [540.74, 0, 316.29, 0, 541.837, 213.496, 0, 0, 1]
distortion_model: plumb_bob
distortion_coefficients:
  rows: 1
  cols: 5
  data: [-0.10188, 0.133145, -0.00141891, 0.000521844, 0]
rectification_matrix:
  rows: 3
  cols: 3
  data: [0.99612, 0.00940951, -0.0875026, -0.00931648, 0.999956, 0.00147148, 0.0875126, -0.000650549, 0.996163]
projection_matrix:
  rows: 3
  cols: 4
  data: [583.749, 0, 375.394, 0, 0, 583.749, 220.554, 0, 0, 0, 1, 0]