---
image_width: 640
image_height: 480
camera_name: ""
camera_matrix:
  rows: 3
  cols: 3
  data: [537.482, 0, 316.826, 0, 539.955, 220.57, 0, 0, 1]
distortion_model: plumb_bob
distortion_coefficients:
  rows: 1
  cols: 5
  data: [-0.09288, 0.123775, -0.00210105, -0.00286549, 0]
rectification_matrix:
  rows: 3
  cols: 3
  data: [0.999049, 0.000233625, 0.0436012, -0.00016487, 0.999999, -0.00158048, -0.0436015, 0.00157179, 0.999048]
projection_matrix:
  rows: 3
  cols: 4
  data: [572.199, 0, 278.199, -45.5705, 0, 572.199, 215.401, 0, 0, 0, 1, 0]