---
image_width: 640
image_height: 480
camera_name: ""
camera_matrix:
  rows: 3
  cols: 3
  data: [547.782, 0, 312.732, 0, 548.088, 228.024, 0, 0, 1]
distortion_model: plumb_bob
distortion_coefficients:
  rows: 1
  cols: 5
  data: [-0.109986, 0.135116, -0.00265379, -0.00101085, 0]
rectification_matrix:
  rows: 3
  cols: 3
  data: [0.996208, 0.00638126, -0.0867725, -0.0064735, 0.999979, -0.000781657, 0.0867656, 0.00134041, 0.996228]
projection_matrix:
  rows: 3
  cols: 4
  data: [583.749, 0, 375.394, -92.7395, 0, 583.749, 220.554, 0, 0, 0, 1, 0]