---
image_width: 640
image_height: 480
camera_name: ""
camera_matrix:
  rows: 3
  cols: 3
  data: [544.725, 0, 321.06, 0, 538.459, 228.959, 0, 0, 1]
distortion_model: plumb_bob
distortion_coefficients:
  rows: 1
  cols: 5
  data: [-0.108393, 0.139474, -0.000567751, 0.00080639, 0]
rectification_matrix:
  rows: 3
  cols: 3
  data: [0.999151, 0.00514711, -0.0408695, -0.00534627, 0.999974, -0.00476536, 0.040844, 0.00497981, 0.999153]
projection_matrix:
  rows: 3
  cols: 4
  data: [559.718, 0, 344.5, -44.6478, 0, 559.718, 225.725, 0, 0, 0, 1, 0]