---
image_width: 640
image_height: 480
camera_name: ""
camera_matrix:
  rows: 3
  cols: 3
  data: [558.527, 0, 299.434, 0, 561.365, 244.598, 0, 0, 1]
distortion_model: plumb_bob
distortion_coefficients:
  rows: 1
  cols: 5
  data: [-0.105213, 0.11967, 0.00697016, 0.00476842, 0]
rectification_matrix:
  rows: 3
  cols: 3
  data: [0.999141, 0.00081244, 0.0414243, -0.00124851, 0.999944, 0.0105022, -0.0414134, -0.0105449, 0.999086]
projection_matrix:
  rows: 3
  cols: 4
  data: [577.329, 0, 270.225, 0, 0, 577.329, 248.069, 0, 0, 0, 1, 0]