---
image_width: 640
image_height: 480
camera_name: ""
camera_matrix:
  rows: 3
  cols: 3
  data: [547.465, 0, 308.091, 0, 540.687, 222.336, 0, 0, 1]
distortion_model: plumb_bob
distortion_coefficients:
  rows: 1
  cols: 5
  data: [-0.0973185, 0.0999625, -0.00172891, 0.00178423, 0]
rectification_matrix:
  rows: 3
  cols: 3
  data: [0.999043, 0.00719556, -0.0431488, -0.00698514, 0.999963, 0.00502556, 0.0431834, -0.00471935, 0.999056]
projection_matrix:
  rows: 3
  cols: 4
  data: [559.718, 0, 344.5, 0, 0, 559.718, 225.725, 0, 0, 0, 1, 0]