---
image_width: 640
image_height: 480
camera_name: ""
camera_matrix:
  rows: 3
  cols: 3
  data: [520.24, 0, 295.709, 0, 518.613, 228.76, 0, 0, 1]
distortion_model: plumb_bob
distortion_coefficients:
  rows: 1
  cols: 5
  data: [-0.110657, 0.19418, -0.000484314, 0.00498463, 0]
rectification_matrix:
  rows: 3
  cols: 3
  data: [1, 0, 0, 0, 1, 0, 0, 0, 1]
projection_matrix:
  rows: 3
  cols: 4
  data: [520.24, 0, 295.709, 0, 0, 518.613, 228.76, 0, 0, 0, 1, 0]