---
image_width: 640
image_height: 480
camera_name: ""
camera_matrix:
  rows: 3
  cols: 3
  data: [557.81, 0, 347.975, 0, 556.405, 258.848, 0, 0, 1]
distortion_model: plumb_bob
distortion_coefficients:
  rows: 1
  cols: 5
  data: [-0.0751247, 0.149305, -6.30631e-05, 0.0197502, 0]
rectification_matrix:
  rows: 3
  cols: 3
  data: [1, 0, 0, 0, 1, 0, 0, 0, 1]
projection_matrix:
  rows: 3
  cols: 4
  data: [557.81, 0, 347.975, 0, 0, 556.405, 258.848, 0, 0, 0, 1, 0]