---
image_width: 640
image_height: 480
camera_name: ""
camera_matrix:
  rows: 3
  cols: 3
  data: [735.633, 0, 261.724, 0, 735.555, 263.792, 0, 0, 1]
distortion_model: plumb_bob
distortion_coefficients:
  rows: 1
  cols: 5
  data: [-0.0803027, 0.0398718, 0.00595911, -0.00653289, 0]
rectification_matrix:
  rows: 3
  cols: 3
  data: [1, 0, 0, 0, 1, 0, 0, 0, 1]
projection_matrix:
  rows: 3
  cols: 4
  data: [735.633, 0, 261.724, 0, 0, 735.555, 263.792, 0, 0, 0, 1, 0]