---
image_width: 640
image_height: 480
camera_name: ""
camera_matrix:
  rows: 3
  cols: 3
  data: [787.871, 0, 318.071, 0, 786.759, 254.367, 0, 0, 1]
distortion_model: plumb_bob
distortion_coefficients:
  rows: 1
  cols: 5
  data: [-0.0637133, 0.00309392, -0.00406405, 0.0066526, 0]
rectification_matrix:
  rows: 3
  cols: 3
  data: [1, 0, 0, 0, 1, 0, 0, 0, 1]
projection_matrix:
  rows: 3
  cols: 4
  data: [787.871, 0, 318.071, 0, 0, 786.759, 254.367, 0, 0, 0, 1, 0]