---
image_width: 640
image_height: 480
camera_name: ""
camera_matrix:
  rows: 3
  cols: 3
  data: [513.858, 0, 295.529, 0, 513.215, 235.916, 0, 0, 1]
distortion_model: plumb_bob
distortion_coefficients:
  rows: 1
  cols: 5
  data: [-0.0706614, 0.154692, -0.00130817, -0.00326258, 0]
rectification_matrix:
  rows: 3
  cols: 3
  data: [0.999989, -7.03649e-05, 0.0047413, 0.000133062, 0.999913, -0.0132246, -0.00473996, 0.0132251, 0.999901]
projection_matrix:
  rows: 3
  cols: 4
  data: [560.308, 0, 307.865, 0, 0, 560.308, 245.808, 0, 0, 0, 1, 0]