---
image_width: 640
image_height: 480
camera_name: ""
camera_matrix:
  rows: 3
  cols: 3
  data: [538.895, 0, 320.537, 0, 538.206, 257.557, 0, 0, 1]
distortion_model: plumb_bob
distortion_coefficients:
  rows: 1
  cols: 5
  data: [-0.0845646, 0.0776515, -0.000748999, -0.000485424, 0]
rectification_matrix:
  rows: 3
  cols: 3
  data: [0.999916, 0.012656, -0.00290843, -0.0126164, 0.999833, 0.0132435, 0.00307555, -0.0132057, 0.999908]
projection_matrix:
  rows: 3
  cols: 4
  data: [560.308, 0, 307.865, -88.3016, 0, 560.308, 245.808, 0, 0, 0, 1, 0]