---
image_width: 640
image_height: 480
camera_name: ""
camera_matrix:
  rows: 3
  cols: 3
  data: [822.242, 0, 320.825, 0, 821.319, 246.204, 0, 0, 1]
distortion_model: plumb_bob
distortion_coefficients:
  rows: 1
  cols: 5
  data: [-0.0764675, 0.153812, 0.00466948, 0.00406819, 0]
rectification_matrix:
  rows: 3
  cols: 3
  data: [0.950473, -0.00959225, -0.31066, 0.0168955, 0.99964, 0.0208262, 0.310348, -0.0250435, 0.950293]
projection_matrix:
  rows: 3
  cols: 4
  data: [928.482, 0, 609.683, -148.28, 0, 928.482, 237.593, 0, 0, 0, 1, 0]