---
image_width: 640
image_height: 480
camera_name: ""
camera_matrix:
  rows: 3
  cols: 3
  data: [555.155, 0, 315.294, 0, 554.726, 249.718, 0, 0, 1]
distortion_model: plumb_bob
distortion_coefficients:
  rows: 1
  cols: 5
  data: [-0.10304, 0.159248, -0.00142733, -0.00113866, 0]
rectification_matrix:
  rows: 3
  cols: 3
  data: [0.994895, 0.00179474, 0.100898, -0.00220747, 0.99999, 0.00397898, -0.10089, -0.00418139, 0.994889]
projection_matrix:
  rows: 3
  cols: 4
  data: [587.348, 0, 223.535, -46.8866, 0, 587.348, 246.424, 0, 0, 0, 1, 0]