---
image_width: 640
image_height: 480
camera_name: ""
camera_matrix:
  rows: 3
  cols: 3
  data: [553.598, 0, 315.439, 0, 554.92, 227.552, 0, 0, 1]
distortion_model: plumb_bob
distortion_coefficients:
  rows: 1
  cols: 5
  data: [-0.0886595, 0.127596, -0.00410202, 0.00504278, 0]
rectification_matrix:
  rows: 3
  cols: 3
  data: [0.998268, -0.00926613, 0.0580993, 0.00943948, 0.999952, -0.00270989, -0.0580714, 0.00325363, 0.998307]
projection_matrix:
  rows: 3
  cols: 4
  data: [584.783, 0, 286.548, 0, 0, 584.783, 220.891, 0, 0, 0, 1, 0]