---
image_width: 640
image_height: 480
camera_name: ""
camera_matrix:
  rows: 3
  cols: 3
  data: [777.939, 0, 319.645, 0, 785.745, 233.658, 0, 0, 1]
distortion_model: plumb_bob
distortion_coefficients:
  rows: 1
  cols: 5
  data: [-0.0901168, 0.126624, -0.00762216, 0.0055553, 0]
rectification_matrix:
  rows: 3
  cols: 3
  data: [0.972759, -0.0276595, 0.230163, 0.0246639, 0.99957, 0.0158825, -0.230503, -0.00977311, 0.973022]
projection_matrix:
  rows: 3
  cols: 4
  data: [828.515, 0, 106.343, -133.693, 0, 828.515, 224.558, 0, 0, 0, 1, 0]