---
image_width: 640
image_height: 480
camera_name: ""
camera_matrix:
  rows: 3
  cols: 3
  data: [512.29, 0, 284.071, 0, 511.795, 232.362, 0, 0, 1]
distortion_model: plumb_bob
distortion_coefficients:
  rows: 1
  cols: 5
  data: [-0.0972531, 0.200647, -0.00567865, 0.000343233, 0]
rectification_matrix:
  rows: 3
  cols: 3
  data: [0.999625, 0.00616923, -0.0266834, -0.00594956, 0.999948, 0.00830406, 0.0267332, -0.00814219, 0.999609]
projection_matrix:
  rows: 3
  cols: 4
  data: [557.044, 0, 313.763, -87.2994, 0, 557.044, 232.728, 0, 0, 0, 1, 0]