---
image_width: 640
image_height: 480
camera_name: ""
camera_matrix:
  rows: 3
  cols: 3
  data: [792.305, 0, 338.405, 0, 793.419, 256.23, 0, 0, 1]
distortion_model: plumb_bob
distortion_coefficients:
  rows: 1
  cols: 5
  data: [-0.100365, 0.136665, -0.00438542, 0.00314941, 0]
rectification_matrix:
  rows: 3
  cols: 3
  data: [0.984728, -0.011292, -0.173736, 0.0108283, 0.999935, -0.00361639, 0.173765, 0.00167988, 0.984786]
projection_matrix:
  rows: 3
  cols: 4
  data: [892.514, 0, 467.642, -69.8263, 0, 892.514, 269.855, 0, 0, 0, 1, 0]