---
image_width: 640
image_height: 480
camera_name: ""
camera_matrix:
  rows: 3
  cols: 3
  data: [761.56, 0, 295.971, 0, 769.021, 221.768, 0, 0, 1]
distortion_model: plumb_bob
distortion_coefficients:
  rows: 1
  cols: 5
  data: [-0.0960101, 0.319231, -0.00482035, 0.00382934, 0]
rectification_matrix:
  rows: 3
  cols: 3
  data: [0.976319, 0.0101114, 0.216099, -0.00730269, 0.999878, -0.0137917, -0.216212, 0.011887, 0.976274]
projection_matrix:
  rows: 3
  cols: 4
  data: [828.515, 0, 106.343, 0, 0, 828.515, 224.558, 0, 0, 0, 1, 0]