---
image_width: 640
image_height: 480
camera_name: ""
camera_matrix:
  rows: 3
  cols: 3
  data: [537.562, 0, 298.161, 0, 537.741, 236.945, 0, 0, 1]
distortion_model: plumb_bob
distortion_coefficients:
  rows: 1
  cols: 5
  data: [-0.109499, 0.155534, -0.00569085, -0.000390269, 0]
rectification_matrix:
  rows: 3
  cols: 3
  data: [0.99957, -0.000845139, -0.029323, 0.000603935, 0.999966, -0.00823364, 0.029329, 0.00821238, 0.999536]
projection_matrix:
  rows: 3
  cols: 4
  data: [557.044, 0, 313.763, 0, 0, 557.044, 232.728, 0, 0, 0, 1, 0]