---
image_width: 640
image_height: 480
camera_name: ""
camera_matrix:
  rows: 3
  cols: 3
  data: [548.351, 0, 329.904, 0, 549.323, 216.389, 0, 0, 1]
distortion_model: plumb_bob
distortion_coefficients:
  rows: 1
  cols: 5
  data: [-0.0900961, 0.120462, -0.00373421, 0.00350189, 0]
rectification_matrix:
  rows: 3
  cols: 3
  data: [0.998625, -0.00712859, 0.0519306, 0.00697359, 0.999971, 0.00316527, -0.0519517, -0.00279878, 0.998646]
projection_matrix:
  rows: 3
  cols: 4
  data: [584.783, 0, 286.548, -45.9471, 0, 584.783, 220.891, 0, 0, 0, 1, 0]