---
image_width: 640
image_height: 480
camera_name: ""
camera_matrix:
  rows: 3
  cols: 3
  data: [536.105, 0, 270.058, 0, 535.519, 247.21, 0, 0, 1]
distortion_model: plumb_bob
distortion_coefficients:
  rows: 1
  cols: 5
  data: [-0.0767231, 0.153679, -0.0040808, -0.0101998, 0]
rectification_matrix:
  rows: 3
  cols: 3
  data: [0.99553, -0.00326605, 0.0943939, 0.00365209, 0.999986, -0.00391722, -0.0943797, 0.00424445, 0.995527]
projection_matrix:
  rows: 3
  cols: 4
  data: [587.348, 0, 223.535, 0, 0, 587.348, 246.424, 0, 0, 0, 1, 0]