---
image_width: 640
image_height: 480
camera_name: ""
camera_matrix:
  rows: 3
  cols: 3
  data: [752.453, 0, 315.948, 0, 753.83, 285.282, 0, 0, 1]
distortion_model: plumb_bob
distortion_coefficients:
  rows: 1
  cols: 5
  data: [-0.0809198, 0.0847093, 0.00239153, 0.00866697, 0]
rectification_matrix:
  rows: 3
  cols: 3
  data: [0.989935, 0.0383271, -0.136233, -0.0379639, 0.999265, 0.00526406, 0.136335, -3.91502e-05, 0.990663]
projection_matrix:
  rows: 3
  cols: 4
  data: [892.514, 0, 467.642, 0, 0, 892.514, 269.855, 0, 0, 0, 1, 0]